0 0.032869 0.905838 0.017833 0.009582
0 0.046164 0.792831 0.009813 0.005469
0 0.047905 0.774155 0.009919 0.005681
0 0.982695 0.678637 0.011396 0.005088
0 0.625831 0.669606 0.014562 0.009497
0 0.593964 0.565290 0.014351 0.006063
0 0.198533 0.449188 0.048644 0.013143
0 0.587528 0.392102 0.011185 0.005215
0 0.008019 0.325879 0.016039 0.008352
0 0.995252 0.319816 0.009497 0.006317
0 0.109845 0.297643 0.013717 0.004791
0 0.211301 0.159367 0.029440 0.013058
0 0.327794 0.104104 0.011079 0.005384
0 0.029598 0.061644 0.030073 0.010429
0 0.038251 0.051554 0.027540 0.006105
0 0.121927 0.077458 0.024375 0.014669
0 0.364989 0.070611 0.028490 0.013948
0 0.290229 0.111184 0.018466 0.011320
0 0.446027 0.049434 0.028701 0.013652
0 0.447504 0.063806 0.027646 0.014584
0 0.333492 0.056217 0.024375 0.012464
0 0.323309 0.067919 0.029967 0.010429
0 0.247969 0.069911 0.033344 0.009921
0 0.378812 0.100267 0.027013 0.012464
0 0.414002 0.099928 0.026696 0.010175
0 0.337871 0.095180 0.190356 0.044346
0 0.337871 0.095180 0.190356 0.044346
0 0.563258 0.077416 0.021948 0.016874
0 0.584784 0.081804 0.018993 0.016492
0 0.510868 0.101772 0.029651 0.011235
0 0.496782 0.089944 0.032289 0.006826
0 0.587264 0.109361 0.027962 0.011405
0 0.555661 0.122419 0.025324 0.015814
0 0.524058 0.134163 0.022687 0.011405
0 0.483645 0.127231 0.031339 0.010175
0 0.440013 0.124687 0.037354 0.011532
0 0.130052 0.116208 0.043368 0.012719
0 0.141131 0.130856 0.038303 0.014711
0 0.056664 0.122228 0.037987 0.017806
0 0.031128 0.127634 0.027013 0.007250
0 0.023689 0.135371 0.036615 0.012464
0 0.032816 0.143511 0.023003 0.010853
0 0.108684 0.153008 0.029334 0.017552
0 0.152316 0.157226 0.019310 0.010981
0 0.103567 0.171132 0.028385 0.009794
0 0.090166 0.175860 0.011713 0.003731
0 0.035665 0.173316 0.013295 0.004833
0 0.180806 0.179675 0.030284 0.010853
0 0.250501 0.131916 0.018993 0.012592
0 0.275720 0.125048 0.016039 0.013524
0 0.290704 0.130474 0.045373 0.010981
0 0.317822 0.139102 0.032289 0.015687
0 0.284109 0.143342 0.030284 0.011532
0 0.410837 0.141646 0.017622 0.012719
0 0.393321 0.138445 0.018044 0.010048
0 0.371848 0.142960 0.032289 0.012973
0 0.391527 0.163120 0.025008 0.012592
0 0.558827 0.161190 0.031022 0.010853
0 0.564525 0.176411 0.026380 0.013397
0 0.520101 0.188960 0.019626 0.013652
0 0.300517 0.157248 0.032289 0.010429
0 0.285322 0.167698 0.025958 0.010726
0 0.338979 0.178191 0.027329 0.012719
0 0.327160 0.181286 0.025641 0.007886
0 0.335971 0.190995 0.037354 0.008818
0 0.268176 0.191949 0.020998 0.014203
0 0.289332 0.190359 0.033344 0.006275
0 0.293131 0.193984 0.014351 0.003349
0 0.297879 0.197672 0.031022 0.007759
0 0.373061 0.202166 0.047378 0.011913
0 0.440329 0.201467 0.058668 0.019841
0 0.589163 0.228304 0.028385 0.012464
0 0.420175 0.221096 0.027013 0.008818
0 0.395326 0.224700 0.031339 0.010599
0 0.401973 0.230678 0.010024 0.002798
0 0.224649 0.202972 0.029967 0.011405
0 0.227393 0.214504 0.078717 0.026667
0 0.178854 0.228431 0.023003 0.008988
0 0.152316 0.215161 0.027962 0.012464
0 0.177166 0.206321 0.023636 0.010302
0 0.116809 0.188960 0.039042 0.012041
0 0.134167 0.191864 0.028385 0.010302
0 0.129471 0.204392 0.022370 0.013397
0 0.102828 0.206109 0.025008 0.010726
0 0.068798 0.227095 0.047694 0.010302
0 0.101140 0.234176 0.038303 0.009794
0 0.032289 0.237673 0.021948 0.012719
0 0.134695 0.249989 0.027962 0.009794
0 0.290651 0.239072 0.035349 0.012041
0 0.166667 0.266164 0.035982 0.014584
0 0.262214 0.265846 0.039042 0.011235
0 0.276512 0.284627 0.058352 0.032687
0 0.174370 0.282062 0.023320 0.011532
0 0.059196 0.263980 0.014984 0.005639
0 0.062309 0.252597 0.014667 0.004833
0 0.348950 0.267605 0.025324 0.013652
0 0.525166 0.240768 0.036298 0.012464
0 0.584995 0.249841 0.038620 0.017806
0 0.588319 0.276635 0.027962 0.012973
0 0.441226 0.278776 0.029018 0.011659
0 0.200011 0.297516 0.039992 0.015390
0 0.086525 0.297918 0.032289 0.009497
0 0.499156 0.285857 0.025852 0.010133
0 0.448929 0.289990 0.026485 0.008818
0 0.464335 0.292852 0.029440 0.009539
0 0.465759 0.303769 0.019626 0.009412
0 0.438377 0.301204 0.026696 0.009794
0 0.352802 0.302222 0.030917 0.013016
0 0.329376 0.316679 0.029651 0.009200
0 0.336499 0.351041 0.025536 0.011108
0 0.385196 0.333065 0.111111 0.043668
0 0.373483 0.351762 0.038936 0.006105
0 0.362456 0.360220 0.043052 0.012761
0 0.452622 0.326642 0.027329 0.013864
0 0.441965 0.334930 0.023742 0.013482
0 0.176744 0.340908 0.028490 0.013736
0 0.089110 0.321363 0.056452 0.021707
0 0.198692 0.360410 0.016672 0.007631
0 0.170202 0.357633 0.032078 0.010726
0 0.052284 0.357782 0.039781 0.010514
0 0.013348 0.421016 0.011290 0.004282
0 0.238525 0.387650 0.023320 0.013779
0 0.249657 0.377602 0.051493 0.022682
0 0.054500 0.408106 0.050543 0.018061
0 0.079086 0.405647 0.017411 0.012464
0 0.186029 0.422839 0.060357 0.016407
0 0.258837 0.404608 0.030811 0.011998
0 0.202279 0.433226 0.032500 0.011744
0 0.311808 0.449188 0.030811 0.011871
0 0.337185 0.433141 0.026063 0.009963
0 0.332595 0.404418 0.028068 0.017128
0 0.305529 0.366388 0.023109 0.013567
0 0.320777 0.371561 0.019838 0.013906
0 0.361137 0.380527 0.016566 0.012846
0 0.386884 0.370861 0.031972 0.007504
0 0.412631 0.375715 0.040203 0.011532
0 0.430938 0.385276 0.036720 0.011150
0 0.466129 0.389515 0.024797 0.015814
0 0.449984 0.359923 0.026907 0.011998
0 0.490081 0.377560 0.028385 0.010472
0 0.520418 0.403633 0.016883 0.011744
0 0.524269 0.431106 0.017411 0.009878
0 0.441173 0.449951 0.022159 0.012380
0 0.414055 0.416840 0.014773 0.011532
0 0.256252 0.418133 0.110900 0.045746
0 0.026485 0.459893 0.050016 0.020901
0 0.043790 0.488659 0.045584 0.018994
0 0.174581 0.462840 0.023320 0.014160
0 0.586367 0.421652 0.013295 0.005723
0 0.539306 0.437360 0.037565 0.016026
0 0.575604 0.395811 0.033133 0.008903
0 0.474464 0.481600 0.037881 0.011998
0 0.428300 0.488829 0.030811 0.012719
0 0.355914 0.482363 0.033977 0.011659
0 0.461749 0.505723 0.027224 0.011744
0 0.406352 0.512125 0.027224 0.010811
0 0.339401 0.500890 0.029229 0.011405
0 0.303894 0.516344 0.036932 0.012125
0 0.212937 0.508797 0.030811 0.011277
0 0.274032 0.502056 0.007386 0.002035
0 0.059565 0.502713 0.023953 0.010472
0 0.058668 0.510302 0.019838 0.008098
0 0.044476 0.533451 0.009180 0.004028
0 0.207291 0.525501 0.012979 0.005003
0 0.098396 0.542863 0.033449 0.008098
0 0.473251 0.523530 0.051493 0.022936
0 0.459956 0.536100 0.036087 0.012380
0 0.383349 0.535189 0.035454 0.013185
0 0.296824 0.563425 0.019204 0.014033
0 0.370318 0.572922 0.027751 0.013779
0 0.329324 0.588248 0.031656 0.016619
0 0.351430 0.590686 0.011290 0.012253
0 0.379128 0.586594 0.029545 0.008564
0 0.361137 0.589753 0.015933 0.014372
0 0.173262 0.577543 0.029545 0.010472
0 0.152580 0.567177 0.023636 0.011532
0 0.075657 0.557341 0.029545 0.010684
0 0.051335 0.558083 0.027540 0.009285
0 0.069378 0.586170 0.026274 0.014839
0 0.044107 0.608089 0.069220 0.032560
0 0.043737 0.633273 0.034294 0.015432
0 0.064894 0.637258 0.028701 0.011277
0 0.097130 0.605185 0.042313 0.022004
0 0.127203 0.614343 0.034294 0.013440
0 0.140445 0.628333 0.020682 0.013185
0 0.131846 0.634099 0.010024 0.004028
0 0.184183 0.626341 0.024586 0.011065
0 0.235887 0.617353 0.015089 0.012592
0 0.251873 0.612244 0.013295 0.003816
0 0.300992 0.617204 0.030495 0.011532
0 0.391316 0.614618 0.021842 0.013058
0 0.422971 0.610230 0.027751 0.011659
0 0.453150 0.621253 0.026063 0.011065
0 0.425451 0.625196 0.040519 0.016153
0 0.483381 0.652436 0.009708 0.004748
0 0.387464 0.647327 0.021315 0.010472
0 0.387517 0.658053 0.020154 0.009370
0 0.495041 0.648980 0.015722 0.012592
0 0.348264 0.654852 0.042313 0.018654
0 0.306532 0.663226 0.034610 0.008098
0 0.303313 0.669924 0.026274 0.011744
0 0.348317 0.674227 0.038198 0.017467
0 0.395326 0.701806 0.054131 0.043117
0 0.495146 0.687349 0.034294 0.012846
0 0.281735 0.682791 0.031022 0.012719
0 0.206447 0.728495 0.026063 0.013312
0 0.184974 0.715945 0.040519 0.019587
0 0.219268 0.675711 0.034610 0.014245
0 0.080089 0.653792 0.047272 0.017213
0 0.028648 0.653644 0.049699 0.020308
0 0.081249 0.674058 0.032289 0.011871
0 0.045690 0.678022 0.035243 0.018188
0 0.007703 0.771739 0.014773 0.010938
0 0.018149 0.744139 0.016883 0.007123
0 0.022370 0.733900 0.043474 0.015814
0 0.059829 0.731632 0.025113 0.012973
0 0.300675 0.740175 0.017411 0.011744
0 0.325525 0.769640 0.028701 0.009624
0 0.355809 0.787828 0.014773 0.005808
0 0.248233 0.766206 0.030917 0.008098
0 0.271394 0.763895 0.032711 0.011108
0 0.412947 0.745411 0.031972 0.013652
0 0.408885 0.759571 0.037565 0.014160
0 0.448823 0.758426 0.026274 0.011871
0 0.398755 0.788316 0.030178 0.011532
0 0.473568 0.790711 0.030178 0.007504
0 0.521420 0.778925 0.022475 0.013185
0 0.223014 0.789376 0.017200 0.014160
0 0.018307 0.810764 0.013612 0.004876
0 0.273874 0.799233 0.046745 0.017934
0 0.090324 0.787870 0.007386 0.001653
0 0.455788 0.813435 0.031972 0.011659
0 0.396697 0.812799 0.017200 0.011744
0 0.416165 0.816891 0.030811 0.012125
0 0.532500 0.842540 0.026907 0.015432
0 0.521473 0.853606 0.032500 0.010684
0 0.518941 0.862530 0.028701 0.009963
0 0.386567 0.851126 0.015933 0.011405
0 0.333492 0.852673 0.023953 0.010684
0 0.321093 0.854623 0.019838 0.008903
0 0.340614 0.866918 0.025747 0.012380
0 0.386251 0.869822 0.016566 0.006317
0 0.513928 0.889494 0.029862 0.008098
0 0.445130 0.901535 0.022475 0.011744
0 0.242060 0.875419 0.028701 0.011744
0 0.022581 0.873002 0.037565 0.017594
0 0.024111 0.900496 0.045267 0.024844
0 0.060937 0.894285 0.024797 0.011744
0 0.160863 0.912155 0.007703 0.002968
0 0.195895 0.914699 0.023953 0.009751
0 0.361137 0.914338 0.031972 0.012846
0 0.324945 0.926972 0.030495 0.011998
0 0.197689 0.941705 0.009180 0.002968
0 0.127308 0.946729 0.046534 0.013100
0 0.306268 0.950608 0.014456 0.005342
0 0.505434 0.952686 0.011818 0.004409
0 0.677113 0.942447 0.088425 0.037690
0 0.895853 0.936342 0.009497 0.004282
0 0.952253 0.951435 0.024586 0.010472
0 0.980637 0.949676 0.020998 0.012464
0 0.939643 0.922945 0.044951 0.016747
0 0.896961 0.900008 0.023953 0.014372
0 0.574549 0.865180 0.010974 0.002713
0 0.552654 0.894836 0.029862 0.007589
0 0.592329 0.911243 0.024586 0.016407
0 0.618603 0.895091 0.030495 0.013779
0 0.651314 0.874041 0.024797 0.010938
0 0.614910 0.871476 0.024797 0.011998
0 0.600981 0.865159 0.025430 0.010472
0 0.589585 0.857994 0.020365 0.010472
0 0.818825 0.882859 0.019838 0.012125
0 0.840772 0.882181 0.040519 0.018654
0 0.857603 0.887820 0.012135 0.003561
0 0.979266 0.885403 0.040836 0.016280
0 0.565685 0.842138 0.022159 0.016747
0 0.548328 0.823674 0.029018 0.009497
0 0.865411 0.863760 0.022475 0.012253
0 0.880078 0.855980 0.015089 0.010684
0 0.911523 0.865201 0.021842 0.009878
0 0.933893 0.850744 0.023320 0.012846
0 0.655271 0.820452 0.022159 0.013567
0 0.725704 0.819392 0.018677 0.012125
0 0.785270 0.816573 0.026591 0.010811
0 0.846734 0.847077 0.028385 0.009497
0 0.976364 0.832938 0.029545 0.008098
0 0.590166 0.775067 0.031656 0.009285
0 0.543315 0.766927 0.006542 0.003434
0 0.559882 0.746788 0.033133 0.009285
0 0.610847 0.747149 0.028068 0.012380
0 0.610847 0.747149 0.028068 0.012380
0 0.674053 0.752915 0.027224 0.012719
0 0.944286 0.959469 0.012029 0.005088
0 0.930622 0.809450 0.083254 0.025226
0 0.771816 0.797749 0.020998 0.006487
0 0.670729 0.793170 0.027962 0.011065
0 0.677430 0.783567 0.018149 0.012888
0 0.810014 0.785454 0.012557 0.004367
0 0.804738 0.773498 0.034716 0.006317
0 0.871056 0.777102 0.043896 0.019290
0 0.972354 0.784076 0.010341 0.003985
0 0.961011 0.768538 0.043157 0.016577
0 0.963807 0.755459 0.053603 0.016789
0 0.898597 0.746788 0.041996 0.014372
0 0.858974 0.737461 0.015722 0.009878
0 0.856653 0.751325 0.042946 0.015899
0 0.576026 0.730530 0.024480 0.012804
0 0.605413 0.721669 0.031128 0.008310
0 0.680120 0.714143 0.027962 0.007165
0 0.782157 0.713189 0.012979 0.010345
0 0.980743 0.722474 0.027962 0.013143
0 0.952939 0.718574 0.026591 0.009412
0 0.951092 0.709946 0.030284 0.010048
0 0.902501 0.705813 0.023425 0.013143
0 0.863353 0.703650 0.035665 0.006614
0 0.650786 0.685907 0.024164 0.012592
0 0.973884 0.691673 0.031339 0.010896
0 0.545479 0.638212 0.018044 0.009285
0 0.595178 0.656294 0.034505 0.007886
0 0.761844 0.671048 0.018571 0.008310
0 0.746228 0.689278 0.096444 0.036630
0 0.811385 0.662462 0.022053 0.012507
0 0.931149 0.677789 0.016988 0.010260
0 0.914635 0.682876 0.030811 0.013567
0 0.970719 0.657926 0.028173 0.012592
0 0.979846 0.648344 0.037776 0.014203
0 0.989184 0.633421 0.020998 0.009285
0 0.923182 0.631174 0.026591 0.011659
0 0.873272 0.632615 0.026802 0.007250
0 0.855651 0.615699 0.029756 0.012083
0 0.812968 0.601963 0.012979 0.012592
0 0.787802 0.602599 0.006331 0.002756
0 0.747705 0.583054 0.031867 0.009624
0 0.866835 0.592572 0.021315 0.011956
0 0.954205 0.585492 0.016250 0.011532
0 0.924027 0.588057 0.011185 0.002332
0 0.573758 0.622504 0.030073 0.008649
0 0.532500 0.590474 0.027329 0.012931
0 0.568482 0.578285 0.016777 0.007377
0 0.609106 0.585259 0.020998 0.007589
0 0.666614 0.590431 0.089796 0.040997
0 0.761264 0.602705 0.022898 0.013652
0 0.518835 0.565651 0.029756 0.011532
0 0.536404 0.529656 0.026063 0.011956
0 0.547378 0.534087 0.007492 0.004367
0 0.696528 0.553992 0.032711 0.007462
0 0.702121 0.543435 0.026802 0.012804
0 0.610742 0.539323 0.067743 0.017637
0 0.560357 0.535846 0.026063 0.008310
0 0.573652 0.525692 0.040414 0.015390
0 0.733671 0.520689 0.036720 0.011320
0 0.762108 0.533451 0.044634 0.017001
0 0.930622 0.563679 0.068060 0.031076
0 0.887412 0.548014 0.030600 0.010260
0 0.843727 0.566541 0.022370 0.013567
0 0.797351 0.562344 0.037459 0.012804
0 0.773504 0.574617 0.031339 0.010472
0 0.809381 0.545491 0.010657 0.005215
0 0.819247 0.543329 0.017516 0.013440
0 0.992983 0.522110 0.012979 0.021452
0 0.959059 0.525586 0.060568 0.019672
0 0.626148 0.504939 0.044951 0.013143
0 0.656590 0.495739 0.022898 0.011447
0 0.679487 0.468478 0.026274 0.010769
0 0.599135 0.463857 0.017516 0.008310
0 0.627625 0.464726 0.056347 0.015390
0 0.974306 0.504452 0.007703 0.003858
0 0.955735 0.487578 0.042313 0.016662
0 0.902343 0.494404 0.031128 0.007674
0 0.855123 0.483402 0.030811 0.007886
0 0.796666 0.461737 0.031867 0.008988
0 0.984542 0.474181 0.029229 0.012931
0 0.989659 0.498050 0.017516 0.009624
0 0.786167 0.439564 0.008758 0.004155
0 0.813390 0.434434 0.043579 0.018061
0 0.939643 0.441451 0.021315 0.011320
0 0.968819 0.428647 0.032183 0.010557
0 0.993352 0.434328 0.012240 0.017849
0 0.913105 0.403761 0.033449 0.015051
0 0.860188 0.418133 0.017516 0.011744
0 0.851957 0.406516 0.010130 0.003858
0 0.655904 0.429898 0.017305 0.012804
0 0.716577 0.421631 0.154479 0.025523
0 0.760367 0.408318 0.025747 0.009412
0 0.772871 0.401429 0.034294 0.014203
0 0.971563 0.373617 0.043579 0.015814
0 0.964387 0.366876 0.010657 0.003434
0 0.753456 0.371391 0.009813 0.004070
0 0.760262 0.393055 0.030811 0.009836
0 0.719162 0.376457 0.024164 0.007589
0 0.707080 0.374846 0.033977 0.011659
0 0.658436 0.392017 0.037776 0.010557
0 0.638968 0.402234 0.033449 0.007250
0 0.628680 0.364353 0.020682 0.013991
0 0.695632 0.365456 0.038303 0.011447
0 0.591379 0.360008 0.031339 0.011659
0 0.572069 0.348073 0.022898 0.011108
0 0.502532 0.349239 0.012979 0.002332
0 0.449826 0.397804 0.068798 0.019333
0 0.631898 0.347119 0.037248 0.013440
0 0.622876 0.339085 0.023425 0.006529
0 0.622982 0.331920 0.033766 0.009073
0 0.777778 0.355005 0.024480 0.017934
0 0.801678 0.335969 0.051599 0.012083
0 0.866202 0.320918 0.042841 0.008861
0 0.847526 0.312630 0.029545 0.008564
0 0.987285 0.339954 0.023953 0.010472
0 0.749499 0.320134 0.037987 0.009497
0 0.708558 0.318438 0.021526 0.012295
0 0.668883 0.319095 0.033766 0.007589
0 0.656168 0.323314 0.033238 0.009836
0 0.576184 0.302603 0.038514 0.012168
0 0.614066 0.303705 0.028173 0.010133
0 0.668197 0.307712 0.033449 0.008988
0 0.764641 0.309747 0.018888 0.008564
0 0.715469 0.305359 0.023109 0.009624
0 0.628680 0.294145 0.038831 0.010684
0 0.678326 0.265803 0.012768 0.003095
0 0.649309 0.253720 0.034294 0.013355
0 0.631054 0.244796 0.038303 0.008988
0 0.697795 0.253021 0.033977 0.012804
0 0.719479 0.282825 0.069959 0.041209
0 0.831276 0.281129 0.026802 0.012804
0 0.794925 0.263429 0.010868 0.003519
0 0.780310 0.260525 0.031656 0.009836
0 0.818139 0.275152 0.026063 0.011956
0 0.827372 0.265888 0.037987 0.015051
0 0.883191 0.265634 0.041785 0.010896
0 0.831645 0.252279 0.019943 0.010896
0 0.906985 0.249332 0.007492 0.003307
0 0.978632 0.265422 0.035349 0.013440
0 0.662551 0.174249 0.012451 0.003731
0 0.657223 0.171705 0.024164 0.011447
0 0.681809 0.172553 0.029229 0.009497
0 0.664029 0.211578 0.024480 0.013440
0 0.688878 0.213338 0.043368 0.013567
0 0.709929 0.202675 0.031867 0.008437
0 0.740424 0.215712 0.058246 0.023827
0 0.721167 0.225696 0.031339 0.009624
0 0.751978 0.232098 0.031339 0.010472
0 0.933259 0.229046 0.023953 0.012931
0 0.882347 0.231907 0.032711 0.008564
0 0.879867 0.221859 0.026063 0.010684
0 0.871109 0.200365 0.033449 0.008310
0 0.797299 0.195977 0.012451 0.002756
0 0.753825 0.172701 0.023425 0.010472
0 0.727709 0.191885 0.048644 0.013991
0 0.954996 0.179166 0.032183 0.009921
0 0.971141 0.195595 0.049699 0.016323
0 0.923657 0.195065 0.033027 0.010853
0 0.880395 0.175266 0.042735 0.014245
0 0.909676 0.177047 0.020049 0.011701
0 0.793658 0.167147 0.025008 0.010302
0 0.799567 0.155022 0.030073 0.013779
0 0.781418 0.149426 0.017200 0.010387
0 0.761317 0.146097 0.024058 0.011362
0 0.621294 0.139356 0.023214 0.010853
0 0.859713 0.143426 0.025430 0.012804
0 0.639337 0.133654 0.028912 0.012083
0 0.988182 0.081698 0.022370 0.018824
0 0.961486 0.083563 0.023847 0.007631
0 0.955155 0.091004 0.027435 0.008606
0 0.960219 0.101369 0.037987 0.011277
0 0.794133 0.174694 0.012451 0.004367
0 0.945869 0.210582 0.010341 0.003731
0 0.949615 0.221160 0.007703 0.001399
0 0.783529 0.447513 0.034294 0.007250
0 0.692360 0.452898 0.008758 0.003095
0 0.505434 0.507992 0.008230 0.003222
0 0.712356 0.634460 0.029756 0.013991
0 0.754564 0.640056 0.019415 0.011447
0 0.225546 0.595964 0.008547 0.002374
0 0.207028 0.393776 0.060357 0.018400
0 0.120238 0.397677 0.189406 0.034426
0 0.339084 0.154937 0.020576 0.011574