0 0.080813 0.953001 0.012416 0.006232
0 0.958506 0.952147 0.078319 0.032784
0 0.557413 0.933685 0.013053 0.004738
0 0.008596 0.902715 0.014008 0.004696
0 0.024196 0.877145 0.012098 0.005464
0 0.027168 0.839815 0.019102 0.008922
0 0.807705 0.828823 0.018253 0.007257
0 0.734798 0.816080 0.011674 0.005592
0 0.584262 0.799069 0.025788 0.010672
0 0.995171 0.796594 0.009657 0.010501
0 0.037727 0.796679 0.024939 0.013575
0 0.354134 0.785687 0.015070 0.004653
0 0.994322 0.744942 0.011355 0.006659
0 0.730181 0.722253 0.024939 0.008153
0 0.852860 0.720225 0.011780 0.005123
0 0.606176 0.711752 0.014433 0.004397
0 0.311313 0.710471 0.020482 0.009092
0 0.647618 0.674037 0.014751 0.007684
0 0.417118 0.639994 0.022180 0.009349
0 0.442853 0.627487 0.013584 0.004141
0 0.117638 0.558653 0.019845 0.006489
0 0.095617 0.557970 0.012523 0.005379
0 0.234267 0.551951 0.013478 0.004781
0 0.744349 0.473854 0.012735 0.006787
0 0.121777 0.467387 0.013265 0.006147
0 0.299374 0.462947 0.011249 0.005208
0 0.857158 0.397720 0.013796 0.004866
0 0.921946 0.383548 0.047649 0.009904
0 0.726626 0.352280 0.014645 0.004909
0 0.183912 0.331576 0.013796 0.006787
0 0.534172 0.299624 0.034915 0.011099
0 0.403587 0.236852 0.053698 0.011995
0 0.950865 0.197622 0.019314 0.006958
0 0.166720 0.167165 0.014008 0.005976
0 0.798419 0.156471 0.020694 0.006104
0 0.058209 0.107018 0.014751 0.004440
0 0.309933 0.049475 0.006686 0.002988
0 0.299480 0.158243 0.019102 0.007257
0 0.217181 0.131990 0.019633 0.005635
0 0.117585 0.221783 0.008490 0.002433
0 0.016449 0.288995 0.012947 0.005379
0 0.180038 0.271643 0.024939 0.008495
0 0.129630 0.371745 0.025576 0.013276
0 0.078531 0.434709 0.023772 0.011312
0 0.014486 0.437868 0.028123 0.012507
0 0.007906 0.469521 0.014963 0.005976
0 0.035976 0.515389 0.059641 0.034790
0 0.169956 0.504888 0.079699 0.035900
0 0.078637 0.581341 0.009339 0.004824
0 0.104691 0.686929 0.058049 0.014855
0 0.146291 0.657645 0.086278 0.041065
0 0.244349 0.686630 0.022392 0.009391
0 0.208320 0.690216 0.083837 0.033126
0 0.211822 0.715423 0.082352 0.029412
0 0.065054 0.729553 0.037355 0.016605
0 0.024780 0.773094 0.027910 0.011568
0 0.023665 0.808119 0.047331 0.017160
0 0.004776 0.852664 0.009551 0.006873
0 0.047649 0.944015 0.036931 0.015325
0 0.289133 0.897379 0.038947 0.021088
0 0.186459 0.856911 0.015494 0.003415
0 0.237398 0.847968 0.044996 0.031290
0 0.338693 0.844254 0.030245 0.010800
0 0.349358 0.777726 0.016980 0.003842
0 0.350844 0.717408 0.010400 0.003757
0 0.368301 0.686075 0.083944 0.034492
0 0.217818 0.644668 0.037037 0.011184
0 0.253582 0.536263 0.009233 0.004055
0 0.333227 0.315568 0.025257 0.006019
0 0.291998 0.304000 0.007323 0.004141
0 0.308023 0.272390 0.190067 0.040468
0 0.263504 0.233907 0.013796 0.004653
0 0.387085 0.069239 0.020057 0.007598
0 0.476175 0.215231 0.013159 0.005891
0 0.438183 0.309016 0.031413 0.008452
0 0.476122 0.424507 0.077788 0.039059
0 0.591372 0.425830 0.135095 0.044950
0 0.733737 0.395522 0.113976 0.031119
0 0.744986 0.519273 0.122679 0.073124
0 0.816141 0.210450 0.072058 0.025100
0 0.809296 0.246628 0.009551 0.005251
0 0.834235 0.259413 0.010825 0.004781
0 0.852595 0.278793 0.028229 0.011867
0 0.914093 0.312858 0.002016 0.000085
0 0.842513 0.323380 0.011037 0.004141
0 0.842778 0.620571 0.015812 0.003885
0 0.830733 0.622513 0.012523 0.003757
0 0.944922 0.611692 0.023559 0.004824
0 0.987902 0.620891 0.016555 0.007257
0 0.876154 0.599355 0.068556 0.045889
0 0.749496 0.633100 0.019208 0.008111
0 0.791309 0.655532 0.075878 0.030180
0 0.728855 0.665820 0.031200 0.013617
0 0.722275 0.643004 0.049878 0.017587
0 0.933726 0.655874 0.010506 0.005080
0 0.942428 0.682554 0.048923 0.017630
0 0.708161 0.690920 0.041176 0.024972
0 0.691818 0.722595 0.013159 0.004311
0 0.696806 0.710877 0.038204 0.015111
0 0.903056 0.767929 0.011992 0.003885
0 0.799851 0.752028 0.045209 0.019807
0 0.955747 0.785239 0.039902 0.014685
0 0.777406 0.790575 0.051682 0.015026
0 0.823039 0.803957 0.025363 0.015922
0 0.868619 0.817809 0.024196 0.013404
0 0.710655 0.849910 0.009869 0.004098
0 0.808182 0.866943 0.063780 0.025954
0 0.888093 0.884573 0.073543 0.028857
0 0.763027 0.884594 0.105911 0.036498
0 0.830786 0.961496 0.081397 0.042261
0 0.694418 0.930590 0.064205 0.033894
0 0.648891 0.889098 0.047862 0.013745
0 0.407354 0.849804 0.009869 0.005165
0 0.391648 0.823508 0.017510 0.006190
0 0.423220 0.810638 0.049666 0.017331
0 0.630691 0.806646 0.004457 0.002348
0 0.537886 0.881222 0.006686 0.003202
0 0.574605 0.855118 0.005837 0.002134
0 0.682055 0.774759 0.031413 0.012422
0 0.392020 0.798472 0.008702 0.004440
0 0.392869 0.756168 0.044996 0.016563
0 0.391860 0.767715 0.048074 0.011995
0 0.544413 0.750342 0.031413 0.018654
0 0.567070 0.762081 0.049347 0.020191
0 0.571899 0.745411 0.025045 0.015709
0 0.398387 0.575856 0.019739 0.011355
0 0.368248 0.579719 0.050515 0.021130
0 0.608458 0.528409 0.013690 0.004226
0 0.600870 0.525420 0.007216 0.004824
0 0.602462 0.492786 0.006155 0.003500
0 0.539743 0.253821 0.116948 0.036797
0 0.393505 0.555131 0.010825 0.004141
0 0.307492 0.916226 0.011355 0.004482