0 0.222908 0.945127 0.021842 0.010748
0 0.030600 0.939111 0.021526 0.010362
0 0.283212 0.933545 0.023214 0.007108
0 0.174739 0.933909 0.025113 0.009806
0 0.114224 0.929819 0.044423 0.014815
0 0.013559 0.926972 0.022475 0.012546
0 0.035982 0.916395 0.017094 0.009806
0 0.887886 0.914447 0.018466 0.009934
0 0.210457 0.892181 0.030284 0.017042
0 0.687770 0.878158 0.026802 0.011347
0 0.955471 0.881626 0.060357 0.021024
0 0.976786 0.852573 0.046428 0.018327
0 0.071858 0.834675 0.046006 0.022095
0 0.042524 0.801918 0.027646 0.009763
0 0.514351 0.771324 0.021631 0.008435
0 0.212989 0.717843 0.036826 0.010148
0 0.978896 0.721397 0.042207 0.024707
0 0.110320 0.703605 0.037459 0.016614
0 0.323204 0.675687 0.025958 0.015501
0 0.031075 0.640918 0.046323 0.018241
0 0.403873 0.636058 0.030495 0.015629
0 0.881819 0.552925 0.032922 0.017385
0 0.993669 0.422668 0.012662 0.013360
0 0.909571 0.388841 0.021526 0.009335
0 0.982378 0.354843 0.035243 0.022352
0 0.921652 0.352959 0.064894 0.023893
0 0.972671 0.317719 0.054659 0.022095
0 0.877229 0.300077 0.035982 0.012418
0 0.985227 0.242143 0.029545 0.020639
0 0.367047 0.234371 0.014667 0.007665
0 0.214783 0.076796 0.033871 0.010833
0 0.455049 0.063008 0.028173 0.014259
0 0.094545 0.059176 0.008019 0.003854
0 0.010394 0.115590 0.014245 0.007236
0 0.244539 0.173161 0.009813 0.004710
0 0.018993 0.235206 0.006542 0.004453
0 0.015142 0.223452 0.008336 0.001927
0 0.236626 0.366126 0.010446 0.005438
0 0.438535 0.347242 0.020471 0.008692
0 0.051071 0.418472 0.009497 0.003597
0 0.158858 0.459472 0.011290 0.003126
0 0.177166 0.465231 0.011607 0.002398
0 0.475203 0.517620 0.011924 0.003725
0 0.274454 0.516164 0.006542 0.002783
0 0.102459 0.540742 0.018993 0.010234
0 0.079508 0.547444 0.048433 0.019269
0 0.107946 0.581357 0.008019 0.004710
0 0.041152 0.619444 0.011607 0.003725
0 0.139548 0.617046 0.007703 0.003982
0 0.425029 0.633981 0.005909 0.004111
0 0.354437 0.650167 0.008653 0.004453
0 0.015089 0.741543 0.021948 0.010020
0 0.020945 0.752098 0.029440 0.019997
0 0.156906 0.737925 0.007386 0.003982
0 0.497204 0.755395 0.007175 0.002783
0 0.037459 0.810846 0.013084 0.004924
0 0.111533 0.798065 0.014562 0.005652
0 0.125040 0.796823 0.009497 0.002912
0 0.191411 0.804252 0.030600 0.012032
0 0.535929 0.847928 0.008653 0.002184
0 0.016514 0.898604 0.015722 0.007108
0 0.911523 0.951186 0.004115 0.002398
0 0.834072 0.817440 0.009180 0.004582
0 0.866624 0.646228 0.006542 0.004453
0 0.669410 0.635994 0.029123 0.012674
0 0.988446 0.652008 0.020787 0.009763
0 0.980374 0.552154 0.008864 0.002655
0 0.683391 0.292177 0.008336 0.003126
0 0.677482 0.151045 0.014245 0.002184
0 0.663501 0.132226 0.007175 0.003597
0 0.971035 0.196305 0.031761 0.014344
0 0.567426 0.086816 0.012135 0.002184
0 0.663765 0.047551 0.007703 0.005181
0 0.983961 0.112336 0.029123 0.020253
0 0.004854 0.250086 0.008019 0.005781