0 0.135059 0.071976 0.037887 0.014055
0 0.378655 0.048445 0.006403 0.005324
0 0.445358 0.151427 0.008538 0.002768
0 0.485005 0.157858 0.005656 0.003109
0 0.488687 0.152236 0.010459 0.004813
0 0.525507 0.157347 0.022199 0.008220
0 0.541142 0.145187 0.009072 0.001618
0 0.560726 0.165311 0.008324 0.001831
0 0.495891 0.145081 0.004589 0.003961
0 0.432284 0.134242 0.005870 0.002470
0 0.487994 0.092824 0.030416 0.015460
0 0.372679 0.111265 0.024333 0.011712
0 0.215795 0.110818 0.007257 0.004600
0 0.128015 0.119783 0.020598 0.006175
0 0.119424 0.113480 0.013661 0.004387
0 0.093436 0.106048 0.034685 0.010221
0 0.100053 0.118207 0.004803 0.004472
0 0.050587 0.139012 0.051014 0.021635
0 0.107471 0.144825 0.045678 0.015119
0 0.218943 0.136670 0.024867 0.012692
0 0.231377 0.132858 0.018143 0.008220
0 0.268677 0.131175 0.026147 0.010221
0 0.294877 0.125916 0.010672 0.003535
0 0.197439 0.111457 0.009605 0.002044
0 0.005656 0.124595 0.010672 0.009583
0 0.394931 0.164928 0.035752 0.013842
0 0.353255 0.167227 0.039488 0.013756
0 0.304216 0.167142 0.015475 0.005239
0 0.269370 0.217100 0.024333 0.017078
0 0.237513 0.195081 0.065422 0.015034
0 0.320171 0.214161 0.028815 0.014438
0 0.369904 0.216248 0.006617 0.003024
0 0.386126 0.217994 0.006830 0.003450
0 0.352401 0.219655 0.039488 0.014864
0 0.138741 0.205089 0.008324 0.001661
0 0.115902 0.197147 0.008965 0.002726
0 0.090395 0.192014 0.008111 0.002172
0 0.049733 0.189012 0.010245 0.002981
0 0.053789 0.228876 0.005123 0.002981
0 0.123746 0.228088 0.004589 0.002598
0 0.194397 0.207687 0.009285 0.003194
0 0.063607 0.185158 0.015582 0.007624
0 0.300747 0.156921 0.005763 0.003620
0 0.390662 0.130515 0.036820 0.019719
0 0.417983 0.186968 0.033404 0.012351
0 0.478388 0.176810 0.042156 0.013756
0 0.606457 0.158454 0.031483 0.011286
0 0.601974 0.167355 0.029349 0.009072
0 0.550053 0.181644 0.020064 0.008092
0 0.496425 0.191823 0.025934 0.013543
0 0.480149 0.195251 0.022199 0.012479
0 0.338794 0.147700 0.008858 0.002555
0 0.366062 0.140609 0.008538 0.003535
0 0.179189 0.172402 0.006190 0.002981
0 0.384792 0.227704 0.005870 0.002683
0 0.280683 0.236073 0.061900 0.013629
0 0.052241 0.255622 0.004589 0.003322
0 0.123052 0.256836 0.012807 0.009157
0 0.281910 0.284306 0.033404 0.012564
0 0.285966 0.268867 0.008858 0.001278
0 0.368356 0.266844 0.006724 0.002768
0 0.238207 0.245762 0.043543 0.013842
0 0.210299 0.263330 0.060299 0.021721
0 0.293010 0.303258 0.041089 0.018952
0 0.189328 0.298190 0.018997 0.004813
0 0.429509 0.287905 0.025934 0.008944
0 0.466702 0.306005 0.006403 0.003407
0 0.368997 0.321784 0.005870 0.004898
0 0.337513 0.302555 0.005870 0.002044
0 0.414781 0.296827 0.044077 0.018867
0 0.023746 0.320698 0.046425 0.020443
0 0.275934 0.339012 0.004803 0.003407
0 0.397812 0.360839 0.003735 0.004046
0 0.344130 0.367866 0.009925 0.003620
0 0.327535 0.361371 0.007257 0.002555
0 0.388794 0.357645 0.006403 0.002342
0 0.483778 0.381410 0.009605 0.001917
0 0.422572 0.359902 0.006724 0.002768
0 0.105123 0.346465 0.009605 0.002981
0 0.067983 0.342334 0.005123 0.003833
0 0.093170 0.339502 0.009605 0.003109
0 0.155069 0.347636 0.005336 0.004046
0 0.197225 0.308667 0.005336 0.003620
0 0.202668 0.318548 0.043543 0.015460
0 0.292209 0.316525 0.006403 0.002044
0 0.084365 0.303940 0.005870 0.002257
0 0.006670 0.305430 0.008004 0.003109
0 0.063714 0.312606 0.006190 0.002129
0 0.071131 0.375128 0.005656 0.003833
0 0.122732 0.405004 0.025614 0.017164
0 0.141622 0.410562 0.041409 0.017036
0 0.098453 0.431303 0.044290 0.022061
0 0.248346 0.378066 0.004055 0.003748
0 0.183244 0.375809 0.007257 0.003748
0 0.189488 0.384263 0.011206 0.002342
0 0.221932 0.385285 0.016329 0.006090
0 0.366009 0.339395 0.004589 0.005451
0 0.032231 0.420549 0.010459 0.004813
0 0.190181 0.433518 0.006190 0.005877
0 0.209925 0.425000 0.009392 0.002896
0 0.254963 0.403982 0.006190 0.003194
0 0.289114 0.383113 0.011526 0.005324
0 0.334632 0.376789 0.009072 0.004600
0 0.337247 0.414629 0.025614 0.013842
0 0.351974 0.409242 0.008538 0.005451
0 0.356510 0.428407 0.029349 0.016099
0 0.363020 0.438842 0.005656 0.003748
0 0.431483 0.423403 0.009605 0.002257
0 0.455229 0.426512 0.005870 0.001831
0 0.484045 0.418335 0.025080 0.011712
0 0.481377 0.409987 0.010139 0.001405
0 0.266489 0.435605 0.008324 0.005537
0 0.252455 0.434966 0.027215 0.013629
0 0.227588 0.448062 0.003735 0.003620
0 0.225934 0.450788 0.007257 0.002257
0 0.155870 0.446422 0.009072 0.003748
0 0.179029 0.455068 0.028282 0.015758
0 0.485059 0.453216 0.010672 0.001831
0 0.058378 0.468164 0.008324 0.001917
0 0.031377 0.444974 0.013661 0.002129
0 0.090075 0.468335 0.004055 0.003535
0 0.104536 0.466312 0.006724 0.002470
0 0.143970 0.460988 0.006190 0.003322
0 0.097866 0.451767 0.035005 0.010009
0 0.102668 0.456154 0.015795 0.005750
0 0.116916 0.461840 0.026147 0.011840
0 0.276201 0.483135 0.011740 0.003748
0 0.152134 0.475426 0.017609 0.008092
0 0.064781 0.486244 0.044610 0.017376
0 0.031644 0.493803 0.037673 0.016738
0 0.022839 0.508326 0.045678 0.019378
0 0.356190 0.491397 0.004803 0.005537
0 0.397439 0.484348 0.006190 0.003620
0 0.421185 0.476555 0.053682 0.018015
0 0.404216 0.521465 0.026147 0.014395
0 0.449733 0.497040 0.026467 0.011712
0 0.468036 0.500660 0.006937 0.002768
0 0.429296 0.512628 0.008004 0.004813
0 0.474546 0.516099 0.023799 0.005537
0 0.391195 0.552917 0.006937 0.003620
0 0.364408 0.546167 0.024867 0.010562
0 0.580523 0.558092 0.007791 0.002896
0 0.611473 0.550064 0.005656 0.004046
0 0.549253 0.510775 0.009925 0.002981
0 0.555176 0.507411 0.008324 0.003748
0 0.591195 0.506836 0.030203 0.013842
0 0.551921 0.488820 0.010993 0.002768
0 0.559979 0.471060 0.028602 0.009157
0 0.525614 0.482538 0.022412 0.014055
0 0.468410 0.530771 0.203629 0.073893
0 0.334098 0.523083 0.010139 0.003322
0 0.238741 0.540311 0.008324 0.002683
0 0.213927 0.546827 0.017396 0.012479
0 0.142689 0.535200 0.005123 0.004387
0 0.093970 0.549361 0.058164 0.023339
0 0.014941 0.563905 0.029883 0.012138
0 0.137567 0.555686 0.008324 0.002768
0 0.140768 0.578365 0.040342 0.016610
0 0.145464 0.588118 0.005336 0.004174
0 0.174546 0.589885 0.011206 0.005324
0 0.289114 0.590588 0.008324 0.003748
0 0.310726 0.574915 0.009925 0.002044
0 0.335059 0.564864 0.006724 0.003833
0 0.373159 0.573062 0.007791 0.004898
0 0.449893 0.582836 0.030416 0.011499
0 0.302775 0.608497 0.007257 0.004046
0 0.460726 0.623744 0.036073 0.016397
0 0.393276 0.644612 0.028815 0.009583
0 0.285165 0.635711 0.020064 0.007794
0 0.274760 0.622615 0.045144 0.016525
0 0.027481 0.626767 0.054963 0.023552
0 0.057364 0.623722 0.011206 0.005537
0 0.103415 0.616184 0.052081 0.017888
0 0.125400 0.606452 0.033084 0.016738
0 0.090128 0.602236 0.008858 0.002768
0 0.067930 0.602172 0.003522 0.003748
0 0.026681 0.585818 0.007471 0.004259
0 0.528762 0.640524 0.012060 0.007368
0 0.543490 0.643526 0.009072 0.003833
0 0.440982 0.661542 0.036073 0.011925
0 0.356190 0.663501 0.024013 0.011840
0 0.388367 0.679387 0.026467 0.007581
0 0.406083 0.695358 0.041622 0.014395
0 0.382604 0.688458 0.046958 0.014055
0 0.275774 0.684647 0.043543 0.015119
0 0.333671 0.706516 0.008858 0.003322
0 0.320918 0.706133 0.009392 0.002981
0 0.344504 0.709497 0.005336 0.004600
0 0.368356 0.711563 0.007791 0.004472
0 0.074120 0.662117 0.009925 0.003961
0 0.072199 0.634029 0.007791 0.004600
0 0.042369 0.642014 0.009392 0.001831
0 0.152828 0.626895 0.006190 0.001831
0 0.229349 0.629919 0.009392 0.002768
0 0.030043 0.683752 0.053682 0.016738
0 0.087994 0.701767 0.029136 0.014267
0 0.040342 0.713799 0.010672 0.003833
0 0.031483 0.727087 0.061900 0.043356
0 0.061419 0.773744 0.025080 0.013416
0 0.119317 0.775043 0.048026 0.010221
0 0.175827 0.750128 0.036820 0.018739
0 0.121078 0.757198 0.052615 0.019506
0 0.053148 0.769591 0.036286 0.024276
0 0.068783 0.750277 0.005656 0.004387
0 0.128228 0.731261 0.009925 0.003833
0 0.275667 0.784604 0.020277 0.021082
0 0.343436 0.768122 0.023479 0.008305
0 0.451227 0.766461 0.030950 0.011201
0 0.455336 0.762032 0.009925 0.002342
0 0.455390 0.782581 0.013661 0.005537
0 0.393330 0.786158 0.008004 0.005026
0 0.389808 0.790801 0.026147 0.011499
0 0.321985 0.770869 0.002988 0.002555
0 0.020277 0.090141 0.035219 0.007368
0 0.039488 0.088927 0.008538 0.005537
0 0.165101 0.833475 0.014728 0.006388
0 0.173319 0.829174 0.016862 0.010562
0 0.257951 0.821827 0.045678 0.012905
0 0.259072 0.810243 0.052828 0.017589
0 0.102935 0.840886 0.012060 0.003322
0 0.340075 0.833326 0.038741 0.012905
0 0.303629 0.824297 0.030950 0.018867
0 0.330576 0.861904 0.100854 0.022359
0 0.177054 0.865162 0.016862 0.008433
0 0.174546 0.872636 0.040021 0.018015
0 0.134739 0.881942 0.034685 0.020017
0 0.015902 0.882666 0.031804 0.025980
0 0.040075 0.895549 0.010139 0.007453
0 0.066649 0.883049 0.028068 0.010988
0 0.093116 0.893186 0.011206 0.002470
0 0.018943 0.904557 0.035752 0.022487
0 0.250694 0.915588 0.040342 0.019165
0 0.218303 0.913629 0.029349 0.019506
0 0.212380 0.904472 0.004269 0.003748
0 0.190448 0.940119 0.054749 0.016099
0 0.029136 0.937841 0.057631 0.027470
0 0.054589 0.968271 0.038741 0.011499
0 0.158805 0.949766 0.011740 0.005750
0 0.232871 0.959348 0.007257 0.004472
0 0.264408 0.925554 0.015475 0.005451
0 0.336179 0.912819 0.011740 0.002981
0 0.492316 0.899830 0.008538 0.002555
0 0.494077 0.898722 0.008858 0.002470
0 0.479936 0.889587 0.007257 0.003194
0 0.508004 0.909732 0.022412 0.008731
0 0.458004 0.911840 0.045144 0.019165
0 0.453469 0.927151 0.026467 0.010349
0 0.423906 0.930984 0.027535 0.014182
0 0.502721 0.927279 0.041089 0.019378
0 0.558218 0.888096 0.082711 0.040673
0 0.553629 0.849361 0.012273 0.005537
0 0.306990 0.934625 0.013127 0.002981
0 0.328869 0.954344 0.008858 0.003407
0 0.127588 0.957261 0.015475 0.005664
0 0.152401 0.955260 0.027748 0.010775
0 0.195197 0.917440 0.006190 0.002683
0 0.225507 0.927279 0.008538 0.002768
0 0.092049 0.928216 0.010139 0.002257
0 0.171345 0.894889 0.004803 0.001618
0 0.319797 0.933773 0.006724 0.001704
0 0.747439 0.929834 0.016969 0.008305
0 0.622679 0.899233 0.046638 0.019336
0 0.620277 0.948083 0.009178 0.002129
0 0.780523 0.940375 0.010139 0.005196
0 0.955656 0.926278 0.025293 0.009710
0 0.986393 0.930089 0.026147 0.012819
0 0.970704 0.911670 0.051334 0.015758
0 0.977108 0.895635 0.042796 0.015290
0 0.859498 0.884157 0.058164 0.019336
0 0.836980 0.890162 0.015475 0.005451
0 0.864088 0.900213 0.016329 0.004514
0 0.871238 0.910520 0.008004 0.002385
0 0.661526 0.906601 0.010993 0.003066
0 0.620864 0.878237 0.005016 0.003663
0 0.625827 0.865481 0.005977 0.003535
0 0.605710 0.854940 0.010352 0.003322
0 0.908324 0.880835 0.060832 0.020273
0 0.925827 0.868761 0.014514 0.009838
0 0.954109 0.870060 0.044824 0.019080
0 0.951761 0.842185 0.040128 0.018356
0 0.869797 0.830579 0.056137 0.016695
0 0.859338 0.844527 0.056137 0.014949
0 0.802988 0.858837 0.034792 0.031985
0 0.670277 0.840758 0.045144 0.014566
0 0.737247 0.891482 0.012166 0.003663
0 0.502401 0.815950 0.010352 0.004983
0 0.644023 0.820571 0.024653 0.013969
0 0.634578 0.810094 0.007471 0.002726
0 0.697545 0.809434 0.009819 0.004046
0 0.716062 0.795933 0.011846 0.004046
0 0.536873 0.817504 0.008004 0.003322
0 0.527054 0.808965 0.013981 0.002853
0 0.601121 0.805622 0.006510 0.002385
0 0.975720 0.804536 0.045784 0.020997
0 0.938954 0.820336 0.042476 0.022274
0 0.730309 0.825021 0.036286 0.011968
0 0.876307 0.782027 0.028815 0.013969
0 0.847705 0.790013 0.055283 0.009497
0 0.665261 0.755068 0.009498 0.001789
0 0.650320 0.761478 0.040662 0.017419
0 0.647919 0.773935 0.033511 0.013373
0 0.628175 0.777023 0.024973 0.011968
0 0.584632 0.765758 0.007471 0.002981
0 0.543170 0.776810 0.008858 0.003790
0 0.621932 0.743739 0.006510 0.003066
0 0.468837 0.733965 0.056137 0.019549
0 0.533404 0.707347 0.038634 0.017760
0 0.596478 0.678790 0.025827 0.011840
0 0.565635 0.663480 0.012166 0.005579
0 0.479349 0.657006 0.047492 0.024659
0 0.637193 0.740396 0.011633 0.004642
0 0.640448 0.730494 0.047812 0.017291
0 0.626094 0.723552 0.006510 0.004855
0 0.741515 0.723850 0.009819 0.004259
0 0.705229 0.731154 0.034152 0.009838
0 0.676841 0.736584 0.008324 0.002981
0 0.760619 0.764757 0.011313 0.002853
0 0.961846 0.756452 0.054322 0.022274
0 0.868890 0.743782 0.019317 0.011158
0 0.905123 0.741716 0.004482 0.003535
0 0.873959 0.726810 0.031163 0.010179
0 0.908218 0.720379 0.005336 0.004642
0 0.916969 0.715779 0.007471 0.001661
0 0.736446 0.700383 0.008645 0.005196
0 0.727054 0.698169 0.009498 0.002726
0 0.825293 0.698786 0.007684 0.003194
0 0.839007 0.706963 0.010139 0.003450
0 0.860726 0.712181 0.007684 0.002981
0 0.983138 0.745358 0.033298 0.021465
0 0.951547 0.703045 0.048666 0.020997
0 0.985112 0.680813 0.025507 0.013501
0 0.728655 0.673062 0.008645 0.004387
0 0.693116 0.663480 0.025293 0.010094
0 0.908965 0.689608 0.004482 0.003066
0 0.825080 0.684519 0.010672 0.003790
0 0.791195 0.683859 0.006510 0.003663
0 0.780363 0.667781 0.009178 0.002853
0 0.737033 0.654621 0.012166 0.003790
0 0.814728 0.656005 0.008324 0.003663
0 0.787940 0.652534 0.033298 0.016227
0 0.932124 0.665716 0.023479 0.008177
0 0.858911 0.652555 0.007684 0.003663
0 0.905550 0.668143 0.048666 0.028194
0 0.979936 0.665311 0.006190 0.004046
0 0.965742 0.663032 0.009819 0.004514
0 0.960085 0.664225 0.006830 0.005707
0 0.961846 0.656388 0.005656 0.005196
0 0.931483 0.642760 0.003842 0.004259
0 0.940181 0.640204 0.005016 0.003663
0 0.975934 0.640694 0.042156 0.020741
0 0.985165 0.653450 0.027962 0.016354
0 0.677268 0.639395 0.009819 0.003663
0 0.584739 0.632751 0.005336 0.003918
0 0.648773 0.631154 0.009819 0.003535
0 0.730043 0.634945 0.012487 0.003535
0 0.515155 0.616312 0.028815 0.010562
0 0.494824 0.609604 0.033831 0.014693
0 0.517983 0.600618 0.008858 0.005324
0 0.517129 0.581857 0.010139 0.004514
0 0.559125 0.595060 0.047172 0.018143
0 0.593383 0.610243 0.005977 0.004387
0 0.570971 0.612606 0.014514 0.003663
0 0.867076 0.641056 0.035326 0.016014
0 0.899680 0.636393 0.005977 0.006175
0 0.670864 0.614928 0.013020 0.002853
0 0.676841 0.599979 0.035005 0.012564
0 0.652988 0.590652 0.011633 0.002853
0 0.760672 0.621039 0.010139 0.003918
0 0.882978 0.629152 0.007150 0.004727
0 0.860245 0.621635 0.008645 0.004855
0 0.903682 0.622338 0.005656 0.003450
0 0.942476 0.620017 0.006190 0.003322
0 0.954803 0.623509 0.008858 0.002981
0 0.619264 0.623531 0.009498 0.002257
0 0.748613 0.602790 0.038314 0.023126
0 0.756030 0.583220 0.041836 0.014821
0 0.723693 0.570635 0.026467 0.010775
0 0.733725 0.572338 0.009178 0.002257
0 0.832177 0.577470 0.009498 0.003066
0 0.835592 0.574106 0.010993 0.002726
0 0.910032 0.591972 0.057631 0.012905
0 0.901067 0.569336 0.035005 0.015758
0 0.937140 0.572892 0.041836 0.018612
0 0.911846 0.583156 0.049947 0.012564
0 0.983618 0.581261 0.030843 0.049063
0 0.989168 0.553152 0.019317 0.013032
0 0.766009 0.560903 0.029136 0.014480
0 0.782017 0.578620 0.006510 0.003918
0 0.792636 0.558135 0.005336 0.004259
0 0.858965 0.548595 0.009498 0.002726
0 0.863874 0.555366 0.005656 0.004855
0 0.875080 0.559050 0.008004 0.002257
0 0.877801 0.563011 0.006190 0.004046
0 0.946745 0.554365 0.004482 0.003790
0 0.948026 0.551320 0.007684 0.002470
0 0.743383 0.548999 0.010139 0.004727
0 0.676254 0.547253 0.006510 0.005920
0 0.895998 0.538522 0.009498 0.002002
0 0.831270 0.535562 0.008324 0.002981
0 0.861473 0.524319 0.006190 0.002981
0 0.890448 0.529046 0.007150 0.002470
0 0.888474 0.515716 0.009819 0.002129
0 0.776788 0.525639 0.011633 0.002981
0 0.770117 0.518101 0.027321 0.010647
0 0.758858 0.520571 0.007150 0.004259
0 0.747225 0.518995 0.011846 0.002981
0 0.785859 0.515247 0.007150 0.004514
0 0.661419 0.522253 0.034472 0.015886
0 0.640448 0.533028 0.009178 0.004727
0 0.939381 0.537521 0.046958 0.016610
0 0.957204 0.543846 0.048666 0.012905
0 0.981110 0.536457 0.031804 0.013969
0 0.936179 0.522232 0.046958 0.015417
0 0.943810 0.527577 0.020171 0.006175
0 0.985912 0.514395 0.025827 0.019676
0 0.749520 0.500660 0.006830 0.002598
0 0.724546 0.497040 0.006190 0.004387
0 0.748826 0.489693 0.010352 0.002726
0 0.983244 0.487287 0.031163 0.018952
0 0.962914 0.473807 0.017823 0.009114
0 0.906777 0.474425 0.012487 0.003450
0 0.914781 0.486904 0.009498 0.003535
0 0.908965 0.495507 0.012807 0.002257
0 0.915208 0.496465 0.013340 0.002470
0 0.875827 0.489118 0.012487 0.004387
0 0.792796 0.460839 0.010352 0.003790
0 0.726147 0.466163 0.011313 0.002853
0 0.641302 0.468164 0.006190 0.003535
0 0.978122 0.464991 0.041836 0.015162
0 0.938901 0.451640 0.040662 0.017419
0 0.913287 0.455750 0.044504 0.016610
0 0.852561 0.438927 0.038954 0.016354
0 0.720598 0.426469 0.006190 0.004983
0 0.673853 0.425170 0.027321 0.015162
0 0.661686 0.421678 0.030309 0.013629
0 0.636766 0.424510 0.110459 0.041610
0 0.762380 0.436052 0.008858 0.001661
0 0.512433 0.402747 0.035326 0.012308
0 0.828815 0.421018 0.012166 0.003535
0 0.783671 0.416589 0.009819 0.002257
0 0.978442 0.448807 0.036499 0.016014
0 0.949200 0.428790 0.048666 0.021465
0 0.977748 0.429664 0.036820 0.013756
0 0.967503 0.417568 0.051334 0.017078
0 0.951334 0.400277 0.033298 0.014693
0 0.974760 0.391567 0.044504 0.022658
0 0.922785 0.390034 0.042156 0.017888
0 0.883404 0.383859 0.008645 0.002726
0 0.878388 0.379813 0.005016 0.002470
0 0.858378 0.374425 0.008324 0.003535
0 0.861900 0.372849 0.007684 0.003194
0 0.894717 0.371359 0.008004 0.003535
0 0.834258 0.397956 0.021345 0.013373
0 0.819797 0.382198 0.037673 0.015758
0 0.773266 0.392696 0.024013 0.011371
0 0.748453 0.390694 0.008324 0.003790
0 0.724386 0.395826 0.031483 0.010307
0 0.709072 0.432091 0.028815 0.007709
0 0.597118 0.390907 0.041836 0.013756
0 0.662060 0.386946 0.007150 0.002002
0 0.606937 0.362606 0.110139 0.040545
0 0.493436 0.362394 0.024653 0.011499
0 0.703148 0.353322 0.024653 0.012095
0 0.745784 0.354280 0.013661 0.004727
0 0.851814 0.363437 0.010139 0.004046
0 0.596265 0.319804 0.009819 0.005707
0 0.580790 0.330473 0.009178 0.003790
0 0.561206 0.330345 0.027641 0.007112
0 0.509925 0.309838 0.010672 0.005196
0 0.574493 0.306921 0.006190 0.004387
0 0.650000 0.335200 0.095945 0.041951
0 0.695571 0.323637 0.028495 0.015758
0 0.726734 0.324340 0.044504 0.017419
0 0.744450 0.309902 0.052615 0.020486
0 0.768570 0.310158 0.011846 0.004387
0 0.827641 0.347104 0.009819 0.002726
0 0.858058 0.334029 0.005336 0.004259
0 0.884899 0.333731 0.010352 0.005792
0 0.913981 0.330579 0.047172 0.018739
0 0.932924 0.364438 0.045144 0.016951
0 0.970491 0.368569 0.041302 0.017206
0 0.971505 0.356516 0.052295 0.013969
0 0.965422 0.343250 0.062113 0.019208
0 0.975187 0.323978 0.044290 0.018825
0 0.903095 0.316823 0.048453 0.014480
0 0.840982 0.322168 0.006830 0.004046
0 0.830096 0.303428 0.008324 0.002853
0 0.845144 0.291567 0.017503 0.010903
0 0.820491 0.306048 0.047172 0.017291
0 0.691996 0.298296 0.008324 0.002981
0 0.978815 0.296934 0.032978 0.011840
0 0.903042 0.296742 0.041302 0.018612
0 0.928282 0.298126 0.004482 0.004514
0 0.932711 0.292739 0.011633 0.003450
0 0.627588 0.285562 0.023159 0.011158
0 0.505390 0.262968 0.016329 0.004131
0 0.859498 0.273999 0.017182 0.008901
0 0.817503 0.247317 0.043116 0.013373
0 0.943863 0.260030 0.043970 0.017760
0 0.943703 0.244996 0.027641 0.013501
0 0.924280 0.246252 0.050480 0.016695
0 0.801281 0.224084 0.021985 0.011968
0 0.838100 0.225319 0.008324 0.002853
0 0.861313 0.229919 0.010139 0.003450
0 0.905283 0.203407 0.033831 0.011158
0 0.840502 0.192270 0.020811 0.010179
0 0.843490 0.177066 0.009498 0.003535
0 0.890288 0.180984 0.012807 0.003535
0 0.690395 0.398318 0.006830 0.004131
0 0.697545 0.415907 0.006830 0.003535
0 0.648506 0.281537 0.008645 0.001917
0 0.713074 0.261201 0.009498 0.002726
0 0.597599 0.244016 0.028495 0.012223
0 0.590608 0.237415 0.047812 0.018015
0 0.485005 0.232432 0.061153 0.022530
0 0.409872 0.214821 0.008858 0.003663
0 0.411633 0.216631 0.010672 0.002257
0 0.398026 0.217036 0.029136 0.013288
0 0.430203 0.230601 0.045464 0.012223
0 0.614034 0.221082 0.032978 0.009029
0 0.677801 0.205409 0.016649 0.002129
0 0.727161 0.212841 0.024653 0.014353
0 0.617823 0.199276 0.011313 0.002385
0 0.973693 0.254962 0.008645 0.007112
0 0.973533 0.267653 0.048666 0.018271
0 0.834418 0.212713 0.049626 0.018356
0 0.769530 0.188842 0.032124 0.006644
0 0.748826 0.191503 0.021665 0.014097
0 0.733991 0.191589 0.010352 0.003194
0 0.777428 0.184604 0.013981 0.004131
0 0.832764 0.174617 0.008324 0.004259
0 0.798026 0.178450 0.008858 0.003918
0 0.677855 0.175319 0.008004 0.004983
0 0.731857 0.171678 0.004803 0.003663
0 0.646318 0.175383 0.008324 0.005792
0 0.933618 0.169932 0.020491 0.013373
0 0.970704 0.185924 0.054322 0.021934
0 0.731750 0.153216 0.025507 0.012223
0 0.640288 0.145187 0.058805 0.024872
0 0.680576 0.135285 0.028175 0.012905
0 0.704642 0.127491 0.003308 0.004131
0 0.814941 0.146508 0.027321 0.011840
0 0.835112 0.145102 0.018997 0.014225
0 0.855016 0.149659 0.009498 0.002726
0 0.873959 0.161520 0.009178 0.003450
0 0.907257 0.146870 0.007471 0.002853
0 0.927695 0.148147 0.005016 0.003535
0 0.946265 0.144314 0.007150 0.003450
0 0.892636 0.140119 0.017503 0.006388
0 0.972252 0.168143 0.009178 0.002470
0 0.983778 0.159327 0.006830 0.004259
0 0.969157 0.129387 0.055283 0.022658
0 0.651547 0.120379 0.007684 0.003194
0 0.662700 0.103599 0.005016 0.003535
0 0.659658 0.096316 0.005977 0.004387
0 0.676414 0.084519 0.053148 0.017760
0 0.685806 0.069165 0.037994 0.018825
0 0.642049 0.065630 0.048666 0.017888
0 0.557417 0.078961 0.040342 0.012095
0 0.587994 0.060988 0.030843 0.016695
0 0.557417 0.093952 0.070651 0.023339
0 0.486660 0.112905 0.004482 0.002981
0 0.521772 0.073318 0.005336 0.004131
0 0.533351 0.055877 0.008858 0.002470
0 0.617129 0.048744 0.009498 0.001917
0 0.796905 0.087734 0.005977 0.003322
0 0.794610 0.083049 0.008645 0.002470
0 0.820918 0.045273 0.008324 0.003066
0 0.852188 0.063011 0.009178 0.003450
0 0.845678 0.070124 0.006830 0.002002
0 0.847439 0.097317 0.008004 0.005451
0 0.914034 0.096210 0.018677 0.007922
0 0.935699 0.088373 0.008004 0.002470
0 0.922946 0.086840 0.006830 0.003918
0 0.935646 0.097551 0.006190 0.003535
0 0.826574 0.103663 0.032657 0.014821
0 0.765101 0.094399 0.007684 0.003194
0 0.953255 0.106069 0.009819 0.003535
0 0.975080 0.100106 0.010139 0.002002
0 0.970704 0.096444 0.005016 0.003194
0 0.981323 0.083646 0.008324 0.003663
0 0.940768 0.083475 0.006190 0.003322
0 0.979349 0.154216 0.037673 0.020869
0 0.670918 0.113054 0.025507 0.012223
0 0.641515 0.098573 0.035005 0.017419
0 0.628282 0.082517 0.007471 0.002853
0 0.596478 0.084391 0.009178 0.003535
0 0.837673 0.072785 0.006190 0.003322
0 0.901974 0.112266 0.007150 0.002385
0 0.938367 0.056154 0.016969 0.005579
0 0.982497 0.051235 0.007684 0.002385
0 0.984365 0.047551 0.008004 0.002598
0 0.967876 0.054472 0.013020 0.002726
0 0.027321 0.283880 0.051441 0.023893
0 0.038527 0.393186 0.056137 0.011755
0 0.127375 0.849489 0.138634 0.045315
0 0.079349 0.871848 0.008858 0.002555
0 0.108591 0.859732 0.009285 0.003450
0 0.118890 0.852172 0.004909 0.001789
0 0.047972 0.866205 0.009925 0.003365
0 0.176201 0.918739 0.005550 0.002726
0 0.148826 0.938118 0.018677 0.004855
0 0.532231 0.744825 0.012166 0.003024
0 0.671612 0.560179 0.004482 0.002385
0 0.643276 0.116333 0.009925 0.002939
0 0.404002 0.046955 0.008858 0.003620
0 0.829029 0.271806 0.007044 0.004174
0 0.887780 0.363586 0.008858 0.002470
0 0.929616 0.406857 0.007791 0.002300
0 0.826948 0.462394 0.003735 0.002555
0 0.708591 0.681623 0.003522 0.003705
0 0.718890 0.668718 0.006830 0.003705
0 0.883351 0.710733 0.005763 0.002641
0 0.990342 0.878535 0.018890 0.016354
0 0.833565 0.933113 0.066275 0.026022