0 0.042293 0.943737 0.020610 0.012179
0 0.013471 0.932694 0.021576 0.008534
0 0.418796 0.925704 0.013632 0.004846
0 0.445524 0.853467 0.020502 0.009434
0 0.037248 0.831854 0.015243 0.005661
0 0.071866 0.818367 0.014062 0.005704
0 0.321866 0.752198 0.027372 0.011964
0 0.588128 0.727518 0.016745 0.008491
0 0.365017 0.726532 0.036818 0.010721
0 0.584317 0.719499 0.019858 0.009434
0 0.579594 0.693876 0.036174 0.011621
0 0.066337 0.680089 0.032847 0.009263
0 0.793581 0.470303 0.041005 0.013723
0 0.232289 0.421480 0.037140 0.013337
0 0.408115 0.399310 0.033061 0.007076
0 0.292024 0.363352 0.021790 0.012951
0 0.134822 0.352845 0.012881 0.004374
0 0.520932 0.349693 0.018248 0.007333
0 0.543903 0.231678 0.012022 0.006733
0 0.563493 0.192868 0.028446 0.007162
0 0.621511 0.190102 0.101116 0.042197
0 0.900386 0.087697 0.021468 0.008748
0 0.995384 0.045842 0.009231 0.006004
0 0.204541 0.088962 0.019429 0.005704
0 0.225204 0.057078 0.029197 0.011579
0 0.016692 0.052511 0.027587 0.016339
0 0.036389 0.061774 0.017604 0.007505
0 0.075086 0.116922 0.027587 0.014280
0 0.049002 0.162185 0.029734 0.013037
0 0.402533 0.166645 0.041005 0.013294
0 0.302168 0.206591 0.025977 0.009220
0 0.204111 0.323534 0.018356 0.008877
0 0.226975 0.334212 0.031881 0.009563
0 0.150547 0.392320 0.062581 0.017111
0 0.175397 0.453107 0.129455 0.051889
0 0.298680 0.474677 0.078897 0.024529
0 0.153821 0.527231 0.026836 0.011621
0 0.149796 0.545264 0.030378 0.008234
0 0.212806 0.539174 0.029519 0.011235
0 0.040468 0.523950 0.028553 0.008148
0 0.037945 0.387774 0.017282 0.008963
0 0.274796 0.785240 0.026836 0.005918
0 0.122263 0.838522 0.025977 0.009735
0 0.271307 0.867469 0.043688 0.017111
0 0.336303 0.858549 0.045942 0.019684
0 0.304369 0.914726 0.009124 0.001672
0 0.676900 0.860822 0.014169 0.009649
0 0.643946 0.883679 0.026191 0.008963
0 0.534511 0.870985 0.043688 0.017282
0 0.504991 0.526373 0.044547 0.010078
0 0.626127 0.520498 0.027480 0.009906
0 0.672392 0.499914 0.033920 0.011621
0 0.429154 0.457867 0.033920 0.013980
0 0.663590 0.462070 0.014599 0.008577
0 0.557857 0.420408 0.015028 0.003731
0 0.477941 0.382735 0.024581 0.010549
0 0.636432 0.358141 0.007299 0.001930
0 0.923250 0.136155 0.022327 0.008234
0 0.912731 0.190703 0.013096 0.008834
0 0.724989 0.305781 0.020824 0.011107
0 0.949818 0.304987 0.027372 0.010378
0 0.812258 0.533599 0.020395 0.011150
0 0.823851 0.595416 0.061829 0.018140
0 0.825569 0.699194 0.027480 0.009820
0 0.898937 0.785175 0.032310 0.013851
0 0.721930 0.862816 0.020717 0.009006
0 0.988783 0.840688 0.021790 0.007119
0 0.913267 0.415777 0.027050 0.012308
0 0.979551 0.802950 0.008265 0.005146
0 0.980356 0.870578 0.038643 0.015953
0 0.723701 0.733158 0.018463 0.009906
0 0.809146 0.445881 0.014813 0.006561
0 0.743130 0.286140 0.017819 0.007848
0 0.746994 0.181826 0.007943 0.006261
0 0.775923 0.192118 0.011700 0.004031
0 0.627201 0.403641 0.045298 0.010078
0 0.638364 0.717012 0.036067 0.011235
0 0.552007 0.910631 0.035530 0.012608
0 0.476277 0.168961 0.008802 0.006261
0 0.163751 0.256422 0.032310 0.010764
0 0.278714 0.283310 0.025869 0.008362
0 0.279841 0.374180 0.007299 0.003559
0 0.122263 0.625584 0.012237 0.003088