0 0.629946 0.766221 0.025747 0.007129
0 0.944075 0.761803 0.020682 0.008196
0 0.969030 0.691902 0.017411 0.007043
0 0.955682 0.656813 0.017094 0.007641
0 0.506911 0.349441 0.013928 0.006318
0 0.554870 0.207974 0.010868 0.005464
0 0.678379 0.096197 0.015406 0.005421
0 0.750818 0.100764 0.043368 0.015496
0 0.571489 0.658243 0.013084 0.005549
0 0.354490 0.803573 0.072702 0.024119
0 0.119816 0.946747 0.016566 0.005080
0 0.686873 0.682831 0.024797 0.010245
0 0.946819 0.854414 0.022159 0.009690
0 0.970297 0.830402 0.019099 0.012209