0 0.940306 0.903663 0.022604 0.009029
0 0.638226 0.868548 0.034808 0.015034
0 0.810411 0.852087 0.011567 0.004600
0 0.475273 0.848488 0.025788 0.012308
0 0.461796 0.827534 0.012629 0.004813
0 0.900616 0.829664 0.039160 0.009327
0 0.080335 0.825937 0.016343 0.005281
0 0.078850 0.723765 0.014221 0.005451
0 0.680091 0.711819 0.013478 0.007283
0 0.195479 0.702193 0.014433 0.004727
0 0.610793 0.646060 0.015600 0.004642
0 0.167303 0.639204 0.024939 0.011797
0 0.571739 0.591461 0.016237 0.005494
0 0.959832 0.587777 0.016237 0.006388
0 0.104107 0.560796 0.012735 0.004557
0 0.232463 0.559625 0.018996 0.009881
0 0.611907 0.530409 0.015918 0.005877
0 0.861562 0.528514 0.012204 0.006175
0 0.935742 0.517611 0.016025 0.010009
0 0.395575 0.500106 0.011567 0.006431
0 0.644009 0.475468 0.013902 0.004174
0 0.345219 0.474340 0.025470 0.015034
0 0.501433 0.442675 0.014433 0.006218
0 0.392073 0.421082 0.026000 0.010136
0 0.982012 0.408071 0.035976 0.015290
0 0.178818 0.384242 0.018678 0.008773
0 0.344052 0.380622 0.014221 0.005792
0 0.926510 0.370549 0.033853 0.011797
0 0.731826 0.220400 0.036294 0.008177
0 0.988751 0.218952 0.014857 0.007496
0 0.784729 0.142632 0.014539 0.006048
0 0.988326 0.113884 0.021225 0.014566
0 0.545421 0.104493 0.011567 0.005409
0 0.589568 0.045826 0.015812 0.006644
0 0.737451 0.111733 0.036931 0.013501
0 0.808925 0.174340 0.017510 0.013245
0 0.533800 0.154642 0.021012 0.009370
0 0.586544 0.275873 0.008914 0.005835
0 0.509976 0.232964 0.025576 0.007496
0 0.837525 0.326874 0.025470 0.008262
0 0.313064 0.333560 0.049878 0.024617
0 0.043723 0.378535 0.021861 0.012862
0 0.118115 0.397530 0.115038 0.053663
0 0.467367 0.486904 0.026955 0.015630
0 0.256606 0.474148 0.028229 0.014566
0 0.472673 0.538394 0.033323 0.012223
0 0.352329 0.585328 0.031200 0.012649
0 0.500796 0.556793 0.030988 0.010690
0 0.240953 0.504876 0.019208 0.010690
0 0.973575 0.559710 0.043723 0.017547
0 0.644062 0.516716 0.043723 0.023893
0 0.656373 0.491908 0.030988 0.010051
0 0.016661 0.573680 0.009551 0.005622
0 0.071739 0.604685 0.041600 0.016269
0 0.883848 0.656559 0.024939 0.017462
0 0.603895 0.657517 0.051682 0.017675
0 0.623209 0.671529 0.036825 0.014182
0 0.524037 0.684029 0.024621 0.008433
0 0.258941 0.677534 0.030776 0.016397
0 0.243394 0.705877 0.031519 0.016610
0 0.247055 0.713394 0.025257 0.012479
0 0.044253 0.723275 0.049878 0.019463
0 0.017670 0.745315 0.035339 0.020102
0 0.456383 0.723509 0.007747 0.004259
0 0.623368 0.726725 0.006367 0.004472
0 0.806803 0.711584 0.038311 0.012181
0 0.948902 0.700511 0.021543 0.011755
0 0.980102 0.691056 0.035551 0.016865
0 0.924334 0.739459 0.047755 0.018015
0 0.052637 0.766546 0.038841 0.021593
0 0.718083 0.803812 0.010294 0.002428
0 0.574446 0.837990 0.007429 0.004600
0 0.976388 0.949915 0.012416 0.006133
0 0.233524 0.897636 0.022392 0.011116
0 0.812321 0.450809 0.022604 0.012266
0 0.726839 0.420166 0.029290 0.016482
0 0.850950 0.418313 0.026425 0.011414
0 0.207153 0.346806 0.007641 0.004770
0 0.107874 0.338948 0.023878 0.012819
0 0.641675 0.382517 0.045527 0.015886
0 0.314231 0.211712 0.013796 0.003066
0 0.555131 0.221721 0.005731 0.002215
0 0.699034 0.252044 0.007429 0.003663
0 0.599119 0.170635 0.009020 0.002513
0 0.348403 0.166461 0.009127 0.003535
0 0.224239 0.181836 0.008065 0.002853
0 0.545102 0.119250 0.004988 0.001618
0 0.922477 0.133454 0.029608 0.012819
0 0.785100 0.117014 0.036082 0.013416