0 0.491295 0.846981 0.029334 0.011303
0 0.646091 0.772107 0.022792 0.010368
0 0.892740 0.706710 0.020787 0.009349
0 0.547325 0.696809 0.017516 0.004589
0 0.040677 0.564739 0.017411 0.006544
0 0.306057 0.271236 0.027962 0.009774
0 0.734251 0.159032 0.015089 0.007776
0 0.066266 0.115434 0.029334 0.010071
0 0.120713 0.133961 0.025536 0.011346
0 0.145932 0.150618 0.023847 0.013130
0 0.752823 0.138593 0.046112 0.013130
0 0.971563 0.126779 0.029862 0.011346
0 0.950934 0.148749 0.040730 0.018145
0 0.961011 0.177240 0.055397 0.021842
0 0.422391 0.213976 0.027646 0.010496
0 0.315448 0.214507 0.031972 0.008074
0 0.418909 0.124846 0.042418 0.012663
0 0.485649 0.228551 0.008547 0.002592
0 0.311649 0.324820 0.043790 0.014193
0 0.327266 0.357392 0.021631 0.009901
0 0.400074 0.376620 0.034927 0.010538
0 0.020945 0.447967 0.019521 0.009689
0 0.428617 0.519972 0.034399 0.009476
0 0.346734 0.537840 0.052548 0.016233
0 0.456210 0.534462 0.026696 0.008796
0 0.347895 0.554222 0.009075 0.002167
0 0.307903 0.559108 0.027224 0.007861
0 0.495885 0.585794 0.005592 0.004292
0 0.088055 0.528003 0.012768 0.003017
0 0.224227 0.593762 0.021104 0.013343
0 0.401762 0.677623 0.003693 0.003102
0 0.169410 0.799027 0.021842 0.008286
0 0.166086 0.860812 0.007175 0.003102
0 0.202754 0.896613 0.015511 0.004419
0 0.948665 0.951069 0.044001 0.013215
0 0.749763 0.890260 0.041047 0.016445
0 0.983856 0.882059 0.031234 0.017635
0 0.558405 0.820422 0.042207 0.012153
0 0.660441 0.804721 0.022159 0.008286
0 0.900127 0.850338 0.048855 0.023201
0 0.575921 0.742787 0.006120 0.003230
0 0.987496 0.746505 0.016566 0.005907
0 0.542524 0.632134 0.027962 0.011813
0 0.670096 0.642077 0.028596 0.008924
0 0.911153 0.620342 0.009075 0.002252
0 0.969030 0.632049 0.056030 0.021587
0 0.932732 0.588578 0.027751 0.009009
0 0.893321 0.586857 0.025113 0.008286
0 0.635697 0.497153 0.005592 0.003017
0 0.914846 0.504143 0.038409 0.015893
0 0.947346 0.513534 0.043474 0.014278
0 0.751345 0.509412 0.008547 0.002380
0 0.986388 0.426529 0.005909 0.001402
0 0.970666 0.458760 0.019204 0.011048
0 0.735887 0.422747 0.008019 0.003102
0 0.939010 0.411274 0.018360 0.007181
0 0.928353 0.383377 0.031234 0.009009
0 0.935001 0.400480 0.048328 0.018060
0 0.637280 0.350508 0.013612 0.004717
0 0.584520 0.352569 0.028596 0.010113
0 0.750237 0.339863 0.008019 0.001700
0 0.776934 0.339417 0.025113 0.008371
0 0.985755 0.357625 0.021104 0.013428
0 0.895906 0.379722 0.046956 0.017422
0 0.536509 0.315621 0.035771 0.016020
0 0.573810 0.322462 0.051493 0.020609
0 0.785903 0.300769 0.041363 0.015893
0 0.978949 0.318361 0.022898 0.016742
0 0.979266 0.290443 0.025852 0.016997
0 0.929303 0.277823 0.049594 0.017507
0 0.790809 0.246165 0.041047 0.013088
0 0.931518 0.254387 0.050438 0.019250
0 0.973462 0.252773 0.034927 0.016445
0 0.684763 0.132920 0.026907 0.010538
0 0.837712 0.073450 0.012240 0.004632